Generated random numbers are...
____________________________________
898, 98, 559, 58, 886, 121, 802, 822, 979, 552, 95, 739, 584, 382, 135, 847, 878, 301, 743, 950, 487, 206, 495, 587, 92, 583, 997, 370, 399, 650, 770, 820, 912, 343, 243, 474, 142, 500, 523, 766, 476, 397, 47, 758, 887, 831, 946, 858, 605, 689, 73, 977, 344, 956, 210, 310, 114, 794, 409, 257, 283, 878, 219, 915, 545, 994, 903, 994, 384, 663, 617, 966, 594, 968, 912, 691, 249, 312, 427, 480, 179, 437, 840, 511, 372, 101, 789, 990, 986, 832, 299, 614, 117, 942, 559, 210, 662, 811, 378, 361, 

____________________________________
Run sequence is
+-+-+-++++-++--++-++---+-++--++++----+++---+++++++-+-+---+---+-+++++-+++++++------++--++++-+-++-++--


____________________________________
Number of above(+) observations : 57
Number of above(-) observations : 43
Number of run sequence          : 46
z0 is : -0.000725513
____________________________________
Run above and below test is PASSED.
